人数	部门领导	部门副职	员工	男	女	教高	高级	中级	初级	初级以下	研究生	本科	大专	中专	中专及以下	
三总师副职
2	2	0	0	0	2	0	1	1	0	0	0	2	0	0	0	
人力助勤
1	0	0	1	1	0	0	0	0	0	1	0	0	0	0	1	
人力资源部
7	1	1	5	3	4	0	1	0	6	0	1	6	0	0	0	
企业发展部
1	1	0	0	0	1	0	1	0	0	0	0	1	0	0	0	
党群工作部
6	1	2	3	4	2	0	0	1	5	0	0	4	1	0	1	
公司领导
7	7	0	0	0	7	0	7	0	0	0	2	5	0	0	0	
办公室
5	0	1	4	0	5	0	0	2	1	2	0	4	0	0	1	
安质环保部
4	0	1	3	0	4	0	0	1	3	0	0	4	0	0	0	
审计部
1	1	0	0	1	0	0	0	1	0	0	0	0	1	0	0	
工程管理部
4	0	0	4	0	4	0	1	3	0	0	0	4	0	0	0	
工程经济部
6	1	0	5	3	3	0	0	5	1	0	1	3	1	0	1	
市场开发部
15	1	2	12	4	11	0	2	5	6	2	0	14	0	0	1	
待分配
1	0	0	1	1	0	0	0	0	0	1	0	1	0	0	0	
技术中心
4	0	1	3	1	3	0	0	2	2	0	0	4	0	0	0	
投标中心
2	0	0	2	1	1	0	0	0	1	1	1	1	0	0	0	
法律合规部
3	0	0	3	2	1	0	0	0	2	1	0	2	1	0	0	
物资设备部
5	1	1	3	2	3	0	0	4	0	1	1	1	3	0	0	
社管中心
5	0	0	5	2	3	0	1	2	2	0	0	4	1	0	0	
纪委工作部
1	1	0	0	1	0	0	1	0	0	0	1	0	0	0	0	
财务部
12	0	2	10	8	4	0	1	4	7	0	0	10	1	1	0	
资产管理部
2	0	0	2	1	1	0	0	1	0	1	0	0	2	0	0	
各项总数为：
94	17	11	66	35	59	0	16	32	36	10	7	70	11	1	5	
