人数	正职	副职	员工	男	女	教高	高级	中级	初级	初级以下	研究生	本科	专科	中专	中专以下	
临汾市政三街
32	1	4	27	4	28	0	0	5	18	9	0	25	4	1	2	
南京前期工作组
13	2	3	8	2	11	0	0	5	8	0	1	8	3	0	1	
南昌幸福渠
5	0	2	3	0	5	0	0	2	3	0	0	5	0	0	0	
厦漳
1	1	0	0	0	1	0	0	0	0	1	0	0	0	0	1	
呼市区域经理部
19	3	6	10	9	10	0	0	7	8	4	0	12	6	0	1	
呼市地铁-OCC
16	1	0	15	4	12	0	0	2	14	0	0	14	1	1	0	
呼市地铁-三间房
15	0	0	15	6	9	0	0	2	13	0	0	12	1	2	0	
大学生安居家园
15	1	3	11	2	13	0	0	6	9	0	0	14	0	0	1	
大连地铁
22	0	3	19	6	16	0	1	5	9	7	0	18	2	0	2	
巴彦淖尔路
2	1	0	1	0	2	0	0	0	2	0	0	0	2	0	0	
巴彦淖尔路一分部
1	0	0	1	1	0	0	0	0	1	0	0	1	0	0	0	
巴彦淖尔路三分部
11	0	2	9	2	9	0	1	2	7	1	0	7	2	0	2	
巴彦淖尔路二分部
14	0	1	13	0	14	0	0	4	5	5	0	9	2	0	3	
巴彦淖尔路四分部
6	0	0	6	1	5	0	0	3	2	1	0	4	2	0	0	
巴彦路钢结构
11	0	0	11	1	10	0	0	2	9	0	0	6	4	1	0	
广州深河
14	2	1	11	2	12	0	1	2	10	1	0	13	0	1	0	
广西广播电视大学
17	1	3	13	3	14	0	0	4	8	5	1	14	0	0	2	
建德东站
1	0	0	1	0	1	0	0	0	0	1	0	0	1	0	0	
待分配
2	0	2	0	0	2	0	0	2	0	0	0	2	0	0	0	
承德项目部
14	1	4	9	1	13	0	1	6	4	3	0	12	2	0	0	
新疆区域工程项目部
13	1	2	10	4	9	0	1	2	9	1	0	10	3	0	0	
济南前期工作组
2	1	1	0	0	2	0	0	2	0	0	0	2	0	0	0	
济宁前期工作组
11	1	2	8	0	11	0	0	3	7	1	0	7	3	0	1	
海金路钢结构
19	2	1	16	2	17	0	0	2	14	3	0	15	3	0	1	
玉楚高速
29	2	2	25	4	25	0	0	7	20	2	0	24	3	1	1	
甘肃武威凉州项目
17	0	1	16	2	15	0	0	4	10	3	0	16	1	0	0	
虎山融城
11	0	2	9	2	9	0	0	1	7	3	0	9	1	1	0	
赛罕区医院项目
5	0	0	5	1	4	0	0	0	1	4	0	4	1	0	0	
金海园二期项目
3	1	0	2	0	3	0	0	0	3	0	0	2	0	1	0	
阜阳规划馆
1	0	0	1	0	1	0	0	0	1	0	0	0	1	0	0	
集通扩能
4	1	3	0	0	4	0	2	2	0	0	0	4	0	0	0	
顺义装修项目
9	2	1	6	3	6	0	2	1	4	2	1	6	1	0	1	
高架指挥部
5	0	0	5	2	3	0	0	1	3	1	0	4	0	1	0	
高架桥一分部
9	0	0	9	4	5	0	0	0	8	1	0	8	0	0	1	
高架桥二分部
23	0	2	21	5	18	0	0	6	13	4	0	20	1	0	2	
高架桥二期
1	0	0	1	0	1	0	0	0	0	1	0	1	0	0	0	
黄州站
2	0	1	1	1	1	0	0	1	0	1	0	1	0	0	1	
各项总数为：
395	25	52	318	74	321	0	9	91	230	65	3	309	50	10	23	
